18873519680 19803432769 15800619036 13223566356 13761073429
       15295591893 13382025382 18956226765 19907379987 15506731994
       13368760623 19558790900 18175037326 15239735137 13585833703
       19821276505 15921850149 17765158609 13162117259 13818001167
       18844067461 13248047917 15391156796 18321129705 15647035326
       18261068016 13841670609 18212243561 18961737801 13884359512
       18270151529 18330053610




18801906923 13023180138 18321376148 19913776095  1520145593
       13320671010 13321230090 18516418125 17883696142 18217576773
       13162232557 18500986155 17521562154 19821288360 13194240292
       15619040127 18830173903 15022058297 15921311273 18110020224
       13011195066 15201965671 17367119879 19531299547 13777007670
       13127805908 15945596799 18769780815 18616365663 15037859990
       18262079616 18202101525 18062679847 18769780820 18080182910
       18366784765 18621526597 18817464693 18207112385 15375371561
       18351203516 19821270265 17721295153 18369507050 15828503727
       13686845654 18221706306 18217756260 15295523112 19821270152
       13858088696 15821835723 18317012352 13905356400 13573961359
       13916927341 13339911293 19131726903